111111
2222222
3333333111111
2222222
3333333111111
2222222
3333333111111
2222222
3333333111111
2222222
3333333111111
2222222
3333333111111
2222222
3333333111111
2222222
3333333111111
2222222
3333333111111
2222222
3333333111111
2222222
3333333111111
2222222
3333333111111
2222222
3333333111111
2222222
3333333111111
2222222
3333333111111
2222222
3333333111111
2222222
3333333111111
2222222
3333333111111
2222222
3333333111111
2222222
3333333111111
2222222
3333333111111
2222222
3333333111111
2222222
3333333111111
2222222
3333333111111
2222222
3333333111111
2222222
3333333111111
2222222
3333333111111
2222222
3333333111111
2222222
3333333111111
2222222
3333333111111
2222222
3333333111111
2222222
3333333111111
2222222
3333333111111
2222222
3333333111111
2222222
3333333111111
2222222
3333333111111
2222222
3333333111111
2222222
3333333111111
2222222
3333333111111
2222222
3333333111111
2222222
3333333111111
2222222
3333333111111
2222222
3333333111111
2222222
3333333111111
2222222
3333333111111
2222222
3333333111111
2222222
3333333111111
2222222
3333333111111
2222222
3333333111111
2222222
3333333111111
2222222
3333333111111
2222222
3333333111111
2222222
3333333111111
2222222
3333333111111
2222222
3333333111111
2222222
3333333111111
2222222
3333333111111
2222222
3333333111111
2222222
3333333111111
2222222
3333333111111
2222222
3333333111111
2222222
3333333111111
2222222
3333333111111
2222222
3333333111111
2222222
3333333111111
2222222
3333333111111
2222222
3333333111111
2222222
3333333111111
2222222
3333333111111
2222222
3333333111111
2222222
3333333111111
2222222
3333333111111
2222222
3333333111111
2222222
3333333111111
2222222
3333333111111
2222222
3333333111111
2222222
3333333111111
2222222
3333333111111
2222222
3333333111111
2222222
3333333111111
2222222
3333333111111
2222222
3333333111111
2222222
3333333111111
2222222
3333333111111
2222222
3333333111111
2222222
3333333111111
2222222
3333333111111
2222222
3333333111111
2222222
3333333111111
2222222
3333333111111
2222222
3333333111111
2222222
3333333111111
2222222
3333333111111
2222222
3333333111111
2222222
3333333111111
2222222
3333333111111
2222222
3333333111111
2222222
3333333111111
2222222
3333333111111
2222222
3333333111111
2222222
3333333111111
2222222
3333333111111
2222222
3333333111111
2222222
3333333111111
2222222
3333333111111
2222222
3333333111111
2222222
3333333111111
2222222
3333333111111
2222222
3333333111111
2222222
3333333111111
2222222
3333333
